PNG 192x320 channels=4
Grid 12x20 -> 240 frames @ 16x16

 idx    (r,c)      hex                   rgba  a<16% opaque%         bucket
--------------------------------------------------------------------------------
   0    (0,0)  #000000            (0,0,0,255)   0.0  100.0          black
   1    (0,1)  #000000            (0,0,0,255)   0.0  100.0          black
   2    (0,2)  #000000            (0,0,0,255)   0.0  100.0          black
   3    (0,3)  #000000            (0,0,0,255)   0.0  100.0          black
   4    (0,4)  #000000            (0,0,0,255)   0.0  100.0          black
   5    (0,5)  #000000            (0,0,0,255)   0.0  100.0          black
   6    (0,6)  #000000            (0,0,0,255)   0.0  100.0          black
   7    (0,7)  #000000            (0,0,0,255)   0.0  100.0          black
   8    (0,8)  #67ac52       (103,172,82,202)  20.7   79.3          green
   9    (0,9)  #000000            (0,0,0,255)   0.0  100.0          black
  10   (0,10)  #6fb453       (111,180,83,229)  10.2   89.8          green
  11   (0,11)  #67ac52       (103,172,82,202)  20.7   79.3          green
  12    (1,0)  #000000            (0,0,0,255)   0.0  100.0          black
  13    (1,1)  #000000            (0,0,0,255)   0.0  100.0          black
  14    (1,2)  #000000            (0,0,0,255)   0.0  100.0          black
  15    (1,3)  #000000            (0,0,0,255)   0.0  100.0          black
  16    (1,4)  #000000            (0,0,0,255)   0.0  100.0          black
  17    (1,5)  #000000            (0,0,0,255)   0.0  100.0          black
  18    (1,6)  #000000            (0,0,0,255)   0.0  100.0          black
  19    (1,7)  #000000            (0,0,0,255)   0.0  100.0          black
  20    (1,8)  #6eb453       (110,180,83,227)  10.9   89.1          green
  21    (1,9)  #70b653       (112,182,83,243)   4.7   95.3          green
  22   (1,10)  #000000              (0,0,0,0) 100.0    0.0          empty
  23   (1,11)  #000000            (0,0,0,255)   0.0  100.0          black
  24    (2,0)  #000000            (0,0,0,255)   0.0  100.0          black
  25    (2,1)  #000000            (0,0,0,255)   0.0  100.0          black
  26    (2,2)  #000000            (0,0,0,255)   0.0  100.0          black
  27    (2,3)  #000000            (0,0,0,255)   0.0  100.0          black
  28    (2,4)  #000000            (0,0,0,255)   0.0  100.0          black
  29    (2,5)  #000000            (0,0,0,255)   0.0  100.0          black
  30    (2,6)  #000000            (0,0,0,255)   0.0  100.0          black
  31    (2,7)  #000000            (0,0,0,255)   0.0  100.0          black
  32    (2,8)  #000000            (0,0,0,255)   0.0  100.0          black
  33    (2,9)  #79bf56       (121,191,86,255)   0.0  100.0          green
  34   (2,10)  #70b653       (112,182,83,243)   4.7   95.3          green
  35   (2,11)  #6eb453       (110,180,83,227)  10.9   89.1          green
  36    (3,0)  #000000            (0,0,0,255)   0.0  100.0          black
  37    (3,1)  #000000            (0,0,0,255)   0.0  100.0          black
  38    (3,2)  #000000            (0,0,0,255)   0.0  100.0          black
  39    (3,3)  #000000            (0,0,0,255)   0.0  100.0          black
  40    (3,4)  #000000            (0,0,0,255)   0.0  100.0          black
  41    (3,5)  #000000            (0,0,0,255)   0.0  100.0          black
  42    (3,6)  #000000            (0,0,0,255)   0.0  100.0          black
  43    (3,7)  #000000            (0,0,0,255)   0.0  100.0          black
  44    (3,8)  #67ab52       (103,171,82,202)  20.7   79.3          green
  45    (3,9)  #6eb353       (110,179,83,229)  10.2   89.8          green
  46   (3,10)  #000000            (0,0,0,255)   0.0  100.0          black
  47   (3,11)  #67ab52       (103,171,82,202)  20.7   79.3          green
  48    (4,0)  #000000            (0,0,0,255)   0.0  100.0          black
  49    (4,1)  #000000            (0,0,0,255)   0.0  100.0          black
  50    (4,2)  #000000            (0,0,0,255)   0.0  100.0          black
  51    (4,3)  #000000            (0,0,0,255)   0.0  100.0          black
  52    (4,4)  #000000            (0,0,0,255)   0.0  100.0          black
  53    (4,5)  #000000            (0,0,0,255)   0.0  100.0          black
  54    (4,6)  #000000            (0,0,0,255)   0.0  100.0          black
  55    (4,7)  #000000            (0,0,0,255)   0.0  100.0          black
  56    (4,8)  #5ca14f        (92,161,79,126)  50.4   49.6          green
  57    (4,9)  #000000            (0,0,0,255)   0.0  100.0          black
  58   (4,10)  #53994c         (83,153,76,69)  72.7   27.3          green
  59   (4,11)  #5ca14f        (92,161,79,126)  50.4   49.6          green
  60    (5,0)  #000000            (0,0,0,255)   0.0  100.0          black
  61    (5,1)  #000000            (0,0,0,255)   0.0  100.0          black
  62    (5,2)  #000000            (0,0,0,255)   0.0  100.0          black
  63    (5,3)  #000000            (0,0,0,255)   0.0  100.0          black
  64    (5,4)  #000000            (0,0,0,255)   0.0  100.0          black
  65    (5,5)  #000000            (0,0,0,255)   0.0  100.0          black
  66    (5,6)  #000000            (0,0,0,255)   0.0  100.0          black
  67    (5,7)  #000000            (0,0,0,255)   0.0  100.0          black
  68    (5,8)  #53994c         (83,153,76,69)  72.7   27.3          green
  69    (5,9)  #4e904d         (78,144,77,25)  89.8   10.2          green
  70   (5,10)  #000000              (0,0,0,0) 100.0    0.0          empty
  71   (5,11)  #000000            (0,0,0,255)   0.0  100.0          black
  72    (6,0)  #000000            (0,0,0,255)   0.0  100.0          black
  73    (6,1)  #000000            (0,0,0,255)   0.0  100.0          black
  74    (6,2)  #000000            (0,0,0,255)   0.0  100.0          black
  75    (6,3)  #000000            (0,0,0,255)   0.0  100.0          black
  76    (6,4)  #000000            (0,0,0,255)   0.0  100.0          black
  77    (6,5)  #000000            (0,0,0,255)   0.0  100.0          black
  78    (6,6)  #000000            (0,0,0,255)   0.0  100.0          black
  79    (6,7)  #000000            (0,0,0,255)   0.0  100.0          black
  80    (6,8)  #000000            (0,0,0,255)   0.0  100.0          black
  81    (6,9)  #000000              (0,0,0,0) 100.0    0.0          empty
  82   (6,10)  #4e904d         (78,144,77,25)  89.8   10.2          green
  83   (6,11)  #589c4f         (88,156,79,69)  72.7   27.3          green
  84    (7,0)  #000000            (0,0,0,255)   0.0  100.0          black
  85    (7,1)  #000000            (0,0,0,255)   0.0  100.0          black
  86    (7,2)  #000000            (0,0,0,255)   0.0  100.0          black
  87    (7,3)  #000000            (0,0,0,255)   0.0  100.0          black
  88    (7,4)  #000000            (0,0,0,255)   0.0  100.0          black
  89    (7,5)  #000000            (0,0,0,255)   0.0  100.0          black
  90    (7,6)  #000000            (0,0,0,255)   0.0  100.0          black
  91    (7,7)  #000000            (0,0,0,255)   0.0  100.0          black
  92    (7,8)  #5ca14f        (92,161,79,126)  50.4   49.6          green
  93    (7,9)  #589c4f         (88,156,79,69)  72.7   27.3          green
  94   (7,10)  #000000            (0,0,0,255)   0.0  100.0          black
  95   (7,11)  #5ca14f        (92,161,79,126)  50.4   49.6          green
  96    (8,0)  #000000            (0,0,0,255)   0.0  100.0          black
  97    (8,1)  #000000            (0,0,0,255)   0.0  100.0          black
  98    (8,2)  #000000            (0,0,0,255)   0.0  100.0          black
  99    (8,3)  #000000            (0,0,0,255)   0.0  100.0          black
 100    (8,4)  #000000            (0,0,0,255)   0.0  100.0          black
 101    (8,5)  #000000            (0,0,0,255)   0.0  100.0          black
 102    (8,6)  #000000            (0,0,0,255)   0.0  100.0          black
 103    (8,7)  #000000            (0,0,0,255)   0.0  100.0          black
 104    (8,8)  #a59e50       (165,158,80,255)   0.0  100.0            red
 105    (8,9)  #000000            (0,0,0,255)   0.0  100.0          black
 106   (8,10)  #c39b4f       (195,155,79,255)   0.0  100.0   orange/brown
 107   (8,11)  #a59f50       (165,159,80,255)   0.0  100.0            red
 108    (9,0)  #000000            (0,0,0,255)   0.0  100.0          black
 109    (9,1)  #000000            (0,0,0,255)   0.0  100.0          black
 110    (9,2)  #000000            (0,0,0,255)   0.0  100.0          black
 111    (9,3)  #000000            (0,0,0,255)   0.0  100.0          black
 112    (9,4)  #000000            (0,0,0,255)   0.0  100.0          black
 113    (9,5)  #000000            (0,0,0,255)   0.0  100.0          black
 114    (9,6)  #000000            (0,0,0,255)   0.0  100.0          black
 115    (9,7)  #000000            (0,0,0,255)   0.0  100.0          black
 116    (9,8)  #c39b4f       (195,155,79,255)   0.0  100.0   orange/brown
 117    (9,9)  #dd9b50       (221,155,80,255)   0.0  100.0            red
 118   (9,10)  #000000              (0,0,0,0) 100.0    0.0          empty
 119   (9,11)  #000000            (0,0,0,255)   0.0  100.0          black
 120   (10,0)  #000000            (0,0,0,255)   0.0  100.0          black
 121   (10,1)  #000000            (0,0,0,255)   0.0  100.0          black
 122   (10,2)  #000000            (0,0,0,255)   0.0  100.0          black
 123   (10,3)  #000000            (0,0,0,255)   0.0  100.0          black
 124   (10,4)  #000000            (0,0,0,255)   0.0  100.0          black
 125   (10,5)  #000000            (0,0,0,255)   0.0  100.0          black
 126   (10,6)  #000000            (0,0,0,255)   0.0  100.0          black
 127   (10,7)  #000000            (0,0,0,255)   0.0  100.0          black
 128   (10,8)  #000000            (0,0,0,255)   0.0  100.0          black
 129   (10,9)  #ed9c51       (237,156,81,255)   0.0  100.0            red
 130  (10,10)  #dd9b50       (221,155,80,255)   0.0  100.0            red
 131  (10,11)  #c49c50       (196,156,80,255)   0.0  100.0            red
 132   (11,0)  #000000            (0,0,0,255)   0.0  100.0          black
 133   (11,1)  #000000            (0,0,0,255)   0.0  100.0          black
 134   (11,2)  #000000            (0,0,0,255)   0.0  100.0          black
 135   (11,3)  #000000            (0,0,0,255)   0.0  100.0          black
 136   (11,4)  #000000            (0,0,0,255)   0.0  100.0          black
 137   (11,5)  #000000            (0,0,0,255)   0.0  100.0          black
 138   (11,6)  #000000            (0,0,0,255)   0.0  100.0          black
 139   (11,7)  #000000            (0,0,0,255)   0.0  100.0          black
 140   (11,8)  #a59f50       (165,159,80,255)   0.0  100.0            red
 141   (11,9)  #c49c50       (196,156,80,255)   0.0  100.0            red
 142  (11,10)  #000000            (0,0,0,255)   0.0  100.0          black
 143  (11,11)  #a59e50       (165,158,80,255)   0.0  100.0            red
 144   (12,0)  #000000            (0,0,0,255)   0.0  100.0          black
 145   (12,1)  #000000            (0,0,0,255)   0.0  100.0          black
 146   (12,2)  #000000            (0,0,0,255)   0.0  100.0          black
 147   (12,3)  #000000            (0,0,0,255)   0.0  100.0          black
 148   (12,4)  #000000            (0,0,0,255)   0.0  100.0          black
 149   (12,5)  #000000            (0,0,0,255)   0.0  100.0          black
 150   (12,6)  #000000            (0,0,0,255)   0.0  100.0          black
 151   (12,7)  #000000            (0,0,0,255)   0.0  100.0          black
 152   (12,8)  #a59f50       (165,159,80,255)   0.0  100.0            red
 153   (12,9)  #000000            (0,0,0,255)   0.0  100.0          black
 154  (12,10)  #c39b4f       (195,155,79,255)   0.0  100.0   orange/brown
 155  (12,11)  #a59f50       (165,159,80,255)   0.0  100.0            red
 156   (13,0)  #000000            (0,0,0,255)   0.0  100.0          black
 157   (13,1)  #000000            (0,0,0,255)   0.0  100.0          black
 158   (13,2)  #000000            (0,0,0,255)   0.0  100.0          black
 159   (13,3)  #000000            (0,0,0,255)   0.0  100.0          black
 160   (13,4)  #000000            (0,0,0,255)   0.0  100.0          black
 161   (13,5)  #000000            (0,0,0,255)   0.0  100.0          black
 162   (13,6)  #000000            (0,0,0,255)   0.0  100.0          black
 163   (13,7)  #000000            (0,0,0,255)   0.0  100.0          black
 164   (13,8)  #c39b4f       (195,155,79,255)   0.0  100.0   orange/brown
 165   (13,9)  #dd9b50       (221,155,80,255)   0.0  100.0            red
 166  (13,10)  #000000              (0,0,0,0) 100.0    0.0          empty
 167  (13,11)  #000000            (0,0,0,255)   0.0  100.0          black
 168   (14,0)  #000000            (0,0,0,255)   0.0  100.0          black
 169   (14,1)  #000000            (0,0,0,255)   0.0  100.0          black
 170   (14,2)  #000000            (0,0,0,255)   0.0  100.0          black
 171   (14,3)  #000000            (0,0,0,255)   0.0  100.0          black
 172   (14,4)  #000000            (0,0,0,255)   0.0  100.0          black
 173   (14,5)  #000000            (0,0,0,255)   0.0  100.0          black
 174   (14,6)  #000000            (0,0,0,255)   0.0  100.0          black
 175   (14,7)  #000000            (0,0,0,255)   0.0  100.0          black
 176   (14,8)  #000000            (0,0,0,255)   0.0  100.0          black
 177   (14,9)  #ee9d51       (238,157,81,255)   0.0  100.0            red
 178  (14,10)  #dd9b50       (221,155,80,255)   0.0  100.0            red
 179  (14,11)  #c59c50       (197,156,80,255)   0.0  100.0            red
 180   (15,0)  #000000            (0,0,0,255)   0.0  100.0          black
 181   (15,1)  #000000            (0,0,0,255)   0.0  100.0          black
 182   (15,2)  #000000            (0,0,0,255)   0.0  100.0          black
 183   (15,3)  #000000            (0,0,0,255)   0.0  100.0          black
 184   (15,4)  #000000            (0,0,0,255)   0.0  100.0          black
 185   (15,5)  #000000            (0,0,0,255)   0.0  100.0          black
 186   (15,6)  #000000            (0,0,0,255)   0.0  100.0          black
 187   (15,7)  #000000            (0,0,0,255)   0.0  100.0          black
 188   (15,8)  #a59f50       (165,159,80,255)   0.0  100.0            red
 189   (15,9)  #c59c50       (197,156,80,255)   0.0  100.0            red
 190  (15,10)  #000000            (0,0,0,255)   0.0  100.0          black
 191  (15,11)  #a59f50       (165,159,80,255)   0.0  100.0            red
 192   (16,0)  #000000            (0,0,0,255)   0.0  100.0          black
 193   (16,1)  #000000            (0,0,0,255)   0.0  100.0          black
 194   (16,2)  #000000            (0,0,0,255)   0.0  100.0          black
 195   (16,3)  #000000            (0,0,0,255)   0.0  100.0          black
 196   (16,4)  #000000            (0,0,0,255)   0.0  100.0          black
 197   (16,5)  #000000            (0,0,0,255)   0.0  100.0          black
 198   (16,6)  #000000            (0,0,0,255)   0.0  100.0          black
 199   (16,7)  #000000            (0,0,0,255)   0.0  100.0          black
 200   (16,8)  #639a4e        (99,154,78,199)  21.9   78.1          green
 201   (16,9)  #000000            (0,0,0,255)   0.0  100.0          black
 202  (16,10)  #6fb454       (111,180,84,229)  10.2   89.8          green
 203  (16,11)  #639a4e        (99,154,78,199)  21.9   78.1          green
 204   (17,0)  #000000            (0,0,0,255)   0.0  100.0          black
 205   (17,1)  #000000            (0,0,0,255)   0.0  100.0          black
 206   (17,2)  #000000            (0,0,0,255)   0.0  100.0          black
 207   (17,3)  #000000            (0,0,0,255)   0.0  100.0          black
 208   (17,4)  #000000            (0,0,0,255)   0.0  100.0          black
 209   (17,5)  #000000            (0,0,0,255)   0.0  100.0          black
 210   (17,6)  #000000            (0,0,0,255)   0.0  100.0          black
 211   (17,7)  #000000            (0,0,0,255)   0.0  100.0          black
 212   (17,8)  #6a9d4e       (106,157,78,235)   7.8   92.2          green
 213   (17,9)  #6ea550       (110,165,80,250)   2.0   98.0          green
 214  (17,10)  #000000              (0,0,0,0) 100.0    0.0          empty
 215  (17,11)  #000000            (0,0,0,255)   0.0  100.0          black
 216   (18,0)  #000000            (0,0,0,255)   0.0  100.0          black
 217   (18,1)  #000000            (0,0,0,255)   0.0  100.0          black
 218   (18,2)  #000000            (0,0,0,255)   0.0  100.0          black
 219   (18,3)  #000000            (0,0,0,255)   0.0  100.0          black
 220   (18,4)  #000000            (0,0,0,255)   0.0  100.0          black
 221   (18,5)  #000000            (0,0,0,255)   0.0  100.0          black
 222   (18,6)  #000000            (0,0,0,255)   0.0  100.0          black
 223   (18,7)  #000000            (0,0,0,255)   0.0  100.0          black
 224   (18,8)  #000000            (0,0,0,255)   0.0  100.0          black
 225   (18,9)  #79bf56       (121,191,86,255)   0.0  100.0          green
 226  (18,10)  #6ea550       (110,165,80,250)   2.0   98.0          green
 227  (18,11)  #6a9d4e       (106,157,78,235)   7.8   92.2          green
 228   (19,0)  #000000            (0,0,0,255)   0.0  100.0          black
 229   (19,1)  #000000            (0,0,0,255)   0.0  100.0          black
 230   (19,2)  #000000            (0,0,0,255)   0.0  100.0          black
 231   (19,3)  #000000            (0,0,0,255)   0.0  100.0          black
 232   (19,4)  #000000            (0,0,0,255)   0.0  100.0          black
 233   (19,5)  #000000            (0,0,0,255)   0.0  100.0          black
 234   (19,6)  #000000            (0,0,0,255)   0.0  100.0          black
 235   (19,7)  #000000            (0,0,0,255)   0.0  100.0          black
 236   (19,8)  #6b7747       (107,119,71,210)  17.6   82.4          olive
 237   (19,9)  #70884a       (112,136,74,234)   8.2   91.8          olive
 238  (19,10)  #000000            (0,0,0,255)   0.0  100.0          black
 239  (19,11)  #6b7747       (107,119,71,210)  17.6   82.4          olive